$ANSIBLE_VAULT;1.1;AES256
33616466343833656663303333326338333637336634366164366366363437616439393334316535
6237386565393964343837646330616130633266383237620a316233313135306233616638343938
39383762386233346538316135613634623236623035323133626539363862646630323463326631
3737643631613662310a373831636361393134653239663338643737653330376130393938353431
31633332313062366362613534626534613536363130643933376633333563393131626636623364
63386336646362383064323834306538373366353935633330356563313134366132306536363931
62643539373065366463343639663937336463376337643234653664373538353361633961656161
31366461363031326434313165343564386234343633613339363939333263343862333766323766
62303432363139353264616334363837633365346431343731363361323439653835666265623931
35353035343562626539303165333861633439346636656336656364383233626331373931653639
37383466366536666632633138303438366336333339633539323333623638373563636262623236
38306336386536656164366133633863653461333965666166326237643433663030383064336561
39636136616333643062366266303139346331353061663331646130343863636434613865316130
65393865306463353838343761303738623334353836636637666137636636373636636566633063
63323034323433353765653932346336393063313939326261616138376663386261383866653233
33343836393438386166313939306364306431663866663362383366336565393365363464316334
61333738363532343361363261376262326237313139303232313062313561336265343431366236
38623132626534306165323135646534343230666463616236346430616265393065643862366664
39633664333039626633343336376637323834643066313532393766333537356333323366613639
35373366373834386665
